time/fps,time/process,time/physics_process,time/navigation_process,memory/static,memory/static_max,memory/msg_buf_max,object/objects,object/resources,object/nodes,object/orphan_nodes,raster/total_objects_drawn,raster/total_primitives_drawn,raster/total_draw_calls,video/video_mem,video/texture_mem,video/buffer_mem,physics_2d/active_objects,physics_2d/collision_pairs,physics_2d/islands,physics_3d/active_objects,physics_3d/collision_pairs,physics_3d/islands,audio/driver/output_latency,navigation/active_maps,navigation/regions,navigation/agents,navigation/links,navigation/polygons,navigation/edges,navigation/edges_merged,navigation/edges_connected,navigation/edges_free
1.0,0.0,0.0,0.0,57742548.0,58156100.0,4096.0,1234.0,3.0,3.0,0.0,0.0,0.0,0.0,13694696.0,9558124.0,1777276.0,0.0,0.0,0.0,0.0,0.0,0.0,0.047765,0.0,0.0,0.0,0.0,0.0,0.0,0.0,0.0,0.0
59.0,0.016742,0.002735,0.000013,57738012.0,58156100.0,4096.0,1234.0,3.0,3.0,0.0,0.0,0.0,0.0,9250372.0,4589512.0,1777276.0,0.0,0.0,0.0,0.0,0.0,0.0,0.051809,0.0,0.0,0.0,0.0,0.0,0.0,0.0,0.0,0.0
60.0,0.016873,0.001093,0.000073,57738012.0,58156100.0,4096.0,1234.0,3.0,3.0,0.0,0.0,0.0,0.0,9250372.0,4589512.0,1777276.0,0.0,0.0,0.0,0.0,0.0,0.0,0.053285,0.0,0.0,0.0,0.0,0.0,0.0,0.0,0.0,0.0
60.0,0.016607,0.001228,0.000011,57738012.0,58156100.0,4096.0,1234.0,3.0,3.0,0.0,0.0,0.0,0.0,9250372.0,4589512.0,1777276.0,0.0,0.0,0.0,0.0,0.0,0.0,0.039691,0.0,0.0,0.0,0.0,0.0,0.0,0.0,0.0,0.0
60.0,0.016394,0.001404,0.000012,57738012.0,58156100.0,4096.0,1234.0,3.0,3.0,0.0,0.0,0.0,0.0,9250372.0,4589512.0,1777276.0,0.0,0.0,0.0,0.0,0.0,0.0,0.038665,0.0,0.0,0.0,0.0,0.0,0.0,0.0,0.0,0.0
60.0,0.016437,0.001534,0.000068,57738012.0,58156100.0,4096.0,1234.0,3.0,3.0,0.0,0.0,0.0,0.0,9250372.0,4589512.0,1777276.0,0.0,0.0,0.0,0.0,0.0,0.0,0.049472,0.0,0.0,0.0,0.0,0.0,0.0,0.0,0.0,0.0
60.0,0.018531,0.001321,0.00007,57738012.0,58156100.0,4096.0,1234.0,3.0,3.0,0.0,0.0,0.0,0.0,9250372.0,4589512.0,1777276.0,0.0,0.0,0.0,0.0,0.0,0.0,0.051477,0.0,0.0,0.0,0.0,0.0,0.0,0.0,0.0,0.0
60.0,0.016365,0.001736,0.000042,57738012.0,58156100.0,4096.0,1234.0,3.0,3.0,0.0,0.0,0.0,0.0,9250372.0,4589512.0,1777276.0,0.0,0.0,0.0,0.0,0.0,0.0,0.051352,0.0,0.0,0.0,0.0,0.0,0.0,0.0,0.0,0.0
60.0,0.016349,0.00143,0.000064,57738012.0,58156100.0,4096.0,1234.0,3.0,3.0,0.0,0.0,0.0,0.0,9250372.0,4589512.0,1777276.0,0.0,0.0,0.0,0.0,0.0,0.0,0.052328,0.0,0.0,0.0,0.0,0.0,0.0,0.0,0.0,0.0
60.0,0.016267,0.001371,0.000064,57738012.0,58156100.0,4096.0,1234.0,3.0,3.0,0.0,0.0,0.0,0.0,9250372.0,4589512.0,1777276.0,0.0,0.0,0.0,0.0,0.0,0.0,0.03998,0.0,0.0,0.0,0.0,0.0,0.0,0.0,0.0,0.0
60.0,0.016405,0.001428,0.000137,57738012.0,58156100.0,4096.0,1234.0,3.0,3.0,0.0,0.0,0.0,0.0,9250372.0,4589512.0,1777276.0,0.0,0.0,0.0,0.0,0.0,0.0,0.040468,0.0,0.0,0.0,0.0,0.0,0.0,0.0,0.0,0.0
60.0,0.016723,0.001608,0.000014,57738012.0,58156100.0,4096.0,1234.0,3.0,3.0,0.0,0.0,0.0,0.0,9250372.0,4589512.0,1777276.0,0.0,0.0,0.0,0.0,0.0,0.0,0.039625,0.0,0.0,0.0,0.0,0.0,0.0,0.0,0.0,0.0
60.0,0.016478,0.001611,0.000013,57738012.0,58156100.0,4096.0,1234.0,3.0,3.0,0.0,0.0,0.0,0.0,9250372.0,4589512.0,1777276.0,0.0,0.0,0.0,0.0,0.0,0.0,0.053051,0.0,0.0,0.0,0.0,0.0,0.0,0.0,0.0,0.0
60.0,0.016321,0.001898,0.000023,57738012.0,58156100.0,4096.0,1234.0,3.0,3.0,0.0,0.0,0.0,0.0,9250372.0,4589512.0,1777276.0,0.0,0.0,0.0,0.0,0.0,0.0,0.05262,0.0,0.0,0.0,0.0,0.0,0.0,0.0,0.0,0.0
60.0,0.016474,0.001459,0.000011,57738012.0,58156100.0,4096.0,1234.0,3.0,3.0,0.0,0.0,0.0,0.0,9250372.0,4589512.0,1777276.0,0.0,0.0,0.0,0.0,0.0,0.0,0.052632,0.0,0.0,0.0,0.0,0.0,0.0,0.0,0.0,0.0
60.0,0.016332,0.001459,0.000048,57738012.0,58156100.0,4096.0,1234.0,3.0,3.0,0.0,0.0,0.0,0.0,9250372.0,4589512.0,1777276.0,0.0,0.0,0.0,0.0,0.0,0.0,0.042811,0.0,0.0,0.0,0.0,0.0,0.0,0.0,0.0,0.0
61.0,0.016388,0.001551,0.000038,57738012.0,58156100.0,4096.0,1234.0,3.0,3.0,0.0,0.0,0.0,0.0,9250372.0,4589512.0,1777276.0,0.0,0.0,0.0,0.0,0.0,0.0,0.042623,0.0,0.0,0.0,0.0,0.0,0.0,0.0,0.0,0.0
59.0,0.016406,0.001544,0.000068,57738012.0,58156100.0,4096.0,1234.0,3.0,3.0,0.0,0.0,0.0,0.0,9250372.0,4589512.0,1777276.0,0.0,0.0,0.0,0.0,0.0,0.0,0.048784,0.0,0.0,0.0,0.0,0.0,0.0,0.0,0.0,0.0
60.0,0.016658,0.001341,0.000014,57738012.0,58156100.0,4096.0,1234.0,3.0,3.0,0.0,0.0,0.0,0.0,9250372.0,4589512.0,1777276.0,0.0,0.0,0.0,0.0,0.0,0.0,0.049998,0.0,0.0,0.0,0.0,0.0,0.0,0.0,0.0,0.0
61.0,0.016495,0.001365,0.000023,57738012.0,58156100.0,4096.0,1234.0,3.0,3.0,0.0,0.0,0.0,0.0,9250372.0,4589512.0,1777276.0,0.0,0.0,0.0,0.0,0.0,0.0,0.050145,0.0,0.0,0.0,0.0,0.0,0.0,0.0,0.0,0.0
60.0,0.016455,0.001196,0.00001,57738012.0,58156100.0,4096.0,1234.0,3.0,3.0,0.0,0.0,0.0,0.0,9250372.0,4589512.0,1777276.0,0.0,0.0,0.0,0.0,0.0,0.0,0.050664,0.0,0.0,0.0,0.0,0.0,0.0,0.0,0.0,0.0
59.0,0.016817,0.001588,0.000047,57738012.0,58156100.0,4096.0,1234.0,3.0,3.0,0.0,0.0,0.0,0.0,9250372.0,4589512.0,1777276.0,0.0,0.0,0.0,0.0,0.0,0.0,0.052897,0.0,0.0,0.0,0.0,0.0,0.0,0.0,0.0,0.0
60.0,0.01644,0.001429,0.000011,57738012.0,58156100.0,4096.0,1234.0,3.0,3.0,0.0,0.0,0.0,0.0,9250372.0,4589512.0,1777276.0,0.0,0.0,0.0,0.0,0.0,0.0,0.046001,0.0,0.0,0.0,0.0,0.0,0.0,0.0,0.0,0.0
61.0,0.016523,0.001915,0.000011,57738012.0,58156100.0,4096.0,1234.0,3.0,3.0,0.0,0.0,0.0,0.0,9250372.0,4589512.0,1777276.0,0.0,0.0,0.0,0.0,0.0,0.0,0.038402,0.0,0.0,0.0,0.0,0.0,0.0,0.0,0.0,0.0
60.0,0.016403,0.001769,0.000023,57742472.0,58156100.0,4096.0,1239.0,3.0,3.0,0.0,0.0,0.0,0.0,9250372.0,4589512.0,1777276.0,0.0,0.0,0.0,0.0,0.0,0.0,0.05182,0.0,0.0,0.0,0.0,0.0,0.0,0.0,0.0,0.0
60.0,0.0172,0.00199,0.000029,57741896.0,58156100.0,4096.0,1238.0,3.0,3.0,0.0,0.0,0.0,0.0,9250372.0,4589512.0,1777276.0,0.0,0.0,0.0,0.0,0.0,0.0,0.052146,0.0,0.0,0.0,0.0,0.0,0.0,0.0,0.0,0.0
60.0,0.016952,0.001544,0.000014,57741896.0,58156100.0,4096.0,1238.0,3.0,3.0,0.0,0.0,0.0,0.0,9250372.0,4589512.0,1777276.0,0.0,0.0,0.0,0.0,0.0,0.0,0.051812,0.0,0.0,0.0,0.0,0.0,0.0,0.0,0.0,0.0
60.0,0.016706,0.001499,0.000009,57741896.0,58156100.0,4096.0,1238.0,3.0,3.0,0.0,0.0,0.0,0.0,9250372.0,4589512.0,1777276.0,0.0,0.0,0.0,0.0,0.0,0.0,0.05457,0.0,0.0,0.0,0.0,0.0,0.0,0.0,0.0,0.0
60.0,0.016537,0.001454,0.000053,57741896.0,58156100.0,4096.0,1238.0,3.0,3.0,0.0,0.0,0.0,0.0,9250372.0,4589512.0,1777276.0,0.0,0.0,0.0,0.0,0.0,0.0,0.048929,0.0,0.0,0.0,0.0,0.0,0.0,0.0,0.0,0.0
60.0,0.016411,0.00131,0.000055,57741896.0,58156100.0,4096.0,1238.0,3.0,3.0,0.0,0.0,0.0,0.0,9250372.0,4589512.0,1777276.0,0.0,0.0,0.0,0.0,0.0,0.0,0.04316,0.0,0.0,0.0,0.0,0.0,0.0,0.0,0.0,0.0
60.0,0.01648,0.001238,0.000038,57741896.0,58156100.0,4096.0,1238.0,3.0,3.0,0.0,0.0,0.0,0.0,9250372.0,4589512.0,1777276.0,0.0,0.0,0.0,0.0,0.0,0.0,0.049456,0.0,0.0,0.0,0.0,0.0,0.0,0.0,0.0,0.0
60.0,0.01699,0.002427,0.000011,57741896.0,58156100.0,4096.0,1238.0,3.0,3.0,0.0,0.0,0.0,0.0,9250372.0,4589512.0,1777276.0,0.0,0.0,0.0,0.0,0.0,0.0,0.045538,0.0,0.0,0.0,0.0,0.0,0.0,0.0,0.0,0.0
60.0,0.016823,0.001777,0.000007,57741896.0,58156100.0,4096.0,1238.0,3.0,3.0,0.0,0.0,0.0,0.0,9250372.0,4589512.0,1777276.0,0.0,0.0,0.0,0.0,0.0,0.0,0.045432,0.0,0.0,0.0,0.0,0.0,0.0,0.0,0.0,0.0
60.0,0.016894,0.000629,0.000006,57741896.0,58156100.0,4096.0,1238.0,3.0,3.0,0.0,0.0,0.0,0.0,9250372.0,4589512.0,1777276.0,0.0,0.0,0.0,0.0,0.0,0.0,0.040371,0.0,0.0,0.0,0.0,0.0,0.0,0.0,0.0,0.0
60.0,0.017023,0.007465,0.000015,57741896.0,58156100.0,4096.0,1238.0,3.0,3.0,0.0,0.0,0.0,0.0,9250372.0,4589512.0,1777276.0,0.0,0.0,0.0,0.0,0.0,0.0,0.041252,0.0,0.0,0.0,0.0,0.0,0.0,0.0,0.0,0.0
60.0,0.017037,0.001633,0.00002,57741896.0,58156100.0,4096.0,1238.0,3.0,3.0,0.0,0.0,0.0,0.0,9250372.0,4589512.0,1777276.0,0.0,0.0,0.0,0.0,0.0,0.0,0.042225,0.0,0.0,0.0,0.0,0.0,0.0,0.0,0.0,0.0
60.0,0.018742,0.001575,0.000209,57741896.0,58156100.0,4096.0,1238.0,3.0,3.0,0.0,0.0,0.0,0.0,9250372.0,4589512.0,1777276.0,0.0,0.0,0.0,0.0,0.0,0.0,0.043272,0.0,0.0,0.0,0.0,0.0,0.0,0.0,0.0,0.0
60.0,0.016636,0.001185,0.000019,57741896.0,58156100.0,4096.0,1238.0,3.0,3.0,0.0,0.0,0.0,0.0,9250372.0,4589512.0,1777276.0,0.0,0.0,0.0,0.0,0.0,0.0,0.043298,0.0,0.0,0.0,0.0,0.0,0.0,0.0,0.0,0.0
60.0,0.016546,0.001326,0.000009,57742472.0,58156100.0,4096.0,1239.0,3.0,3.0,0.0,0.0,0.0,0.0,9250372.0,4589512.0,1777276.0,0.0,0.0,0.0,0.0,0.0,0.0,0.050264,0.0,0.0,0.0,0.0,0.0,0.0,0.0,0.0,0.0
60.0,0.016949,0.0022,0.00001,57741896.0,58156100.0,4096.0,1238.0,3.0,3.0,0.0,0.0,0.0,0.0,9250372.0,4589512.0,1777276.0,0.0,0.0,0.0,0.0,0.0,0.0,0.03917,0.0,0.0,0.0,0.0,0.0,0.0,0.0,0.0,0.0
60.0,0.017016,0.0018,0.00001,57741896.0,58156100.0,4096.0,1238.0,3.0,3.0,0.0,0.0,0.0,0.0,9250372.0,4589512.0,1777276.0,0.0,0.0,0.0,0.0,0.0,0.0,0.038819,0.0,0.0,0.0,0.0,0.0,0.0,0.0,0.0,0.0
60.0,0.017017,0.001262,0.000029,57741880.0,58156100.0,4096.0,1238.0,3.0,3.0,0.0,0.0,0.0,0.0,9250372.0,4589512.0,1777276.0,0.0,0.0,0.0,0.0,0.0,0.0,0.037123,0.0,0.0,0.0,0.0,0.0,0.0,0.0,0.0,0.0
60.0,0.016363,0.001901,0.000016,57741896.0,58156100.0,4096.0,1238.0,3.0,3.0,0.0,0.0,0.0,0.0,9250372.0,4589512.0,1777276.0,0.0,0.0,0.0,0.0,0.0,0.0,0.051928,0.0,0.0,0.0,0.0,0.0,0.0,0.0,0.0,0.0
60.0,0.016294,0.001972,0.000013,57742472.0,58156100.0,4096.0,1239.0,3.0,3.0,0.0,0.0,0.0,0.0,9250372.0,4589512.0,1777276.0,0.0,0.0,0.0,0.0,0.0,0.0,0.05291,0.0,0.0,0.0,0.0,0.0,0.0,0.0,0.0,0.0
60.0,0.016733,0.00217,0.000046,57741896.0,58156100.0,4096.0,1238.0,3.0,3.0,0.0,0.0,0.0,0.0,9250372.0,4589512.0,1777276.0,0.0,0.0,0.0,0.0,0.0,0.0,0.048445,0.0,0.0,0.0,0.0,0.0,0.0,0.0,0.0,0.0
60.0,0.016979,0.001865,0.00003,57741896.0,58156100.0,4096.0,1238.0,3.0,3.0,0.0,0.0,0.0,0.0,9250372.0,4589512.0,1777276.0,0.0,0.0,0.0,0.0,0.0,0.0,0.037711,0.0,0.0,0.0,0.0,0.0,0.0,0.0,0.0,0.0
60.0,0.016446,0.002292,0.000024,57742472.0,58156100.0,4096.0,1239.0,3.0,3.0,0.0,0.0,0.0,0.0,9250372.0,4589512.0,1777276.0,0.0,0.0,0.0,0.0,0.0,0.0,0.049662,0.0,0.0,0.0,0.0,0.0,0.0,0.0,0.0,0.0
60.0,0.016707,0.00236,0.000103,57743048.0,58156100.0,4096.0,1240.0,3.0,3.0,0.0,0.0,0.0,0.0,9250372.0,4589512.0,1777276.0,0.0,0.0,0.0,0.0,0.0,0.0,0.044633,0.0,0.0,0.0,0.0,0.0,0.0,0.0,0.0,0.0
60.0,0.016932,0.002065,0.000025,57742472.0,58156100.0,4096.0,1239.0,3.0,3.0,0.0,0.0,0.0,0.0,9250372.0,4589512.0,1777276.0,0.0,0.0,0.0,0.0,0.0,0.0,0.045747,0.0,0.0,0.0,0.0,0.0,0.0,0.0,0.0,0.0
60.0,0.016648,0.001784,0.000036,57742472.0,58156100.0,4096.0,1239.0,3.0,3.0,0.0,0.0,0.0,0.0,9250372.0,4589512.0,1777276.0,0.0,0.0,0.0,0.0,0.0,0.0,0.046248,0.0,0.0,0.0,0.0,0.0,0.0,0.0,0.0,0.0
60.0,0.016528,0.002273,0.000011,57741896.0,58156100.0,4096.0,1238.0,3.0,3.0,0.0,0.0,0.0,0.0,9250372.0,4589512.0,1777276.0,0.0,0.0,0.0,0.0,0.0,0.0,0.052881,0.0,0.0,0.0,0.0,0.0,0.0,0.0,0.0,0.0
60.0,0.016573,0.001899,0.00058,57741896.0,58156100.0,4096.0,1238.0,3.0,3.0,0.0,0.0,0.0,0.0,9250372.0,4589512.0,1777276.0,0.0,0.0,0.0,0.0,0.0,0.0,0.040905,0.0,0.0,0.0,0.0,0.0,0.0,0.0,0.0,0.0
60.0,0.016446,0.00204,0.000055,57741896.0,58156100.0,4096.0,1238.0,3.0,3.0,0.0,0.0,0.0,0.0,9250372.0,4589512.0,1777276.0,0.0,0.0,0.0,0.0,0.0,0.0,0.041497,0.0,0.0,0.0,0.0,0.0,0.0,0.0,0.0,0.0
60.0,0.01665,0.001797,0.000012,57741896.0,58156100.0,4096.0,1238.0,3.0,3.0,0.0,0.0,0.0,0.0,9250372.0,4589512.0,1777276.0,0.0,0.0,0.0,0.0,0.0,0.0,0.040347,0.0,0.0,0.0,0.0,0.0,0.0,0.0,0.0,0.0
60.0,0.016793,0.001972,0.00027,57741896.0,58156100.0,4096.0,1238.0,3.0,3.0,0.0,0.0,0.0,0.0,9250372.0,4589512.0,1777276.0,0.0,0.0,0.0,0.0,0.0,0.0,0.041441,0.0,0.0,0.0,0.0,0.0,0.0,0.0,0.0,0.0
60.0,0.016724,0.001839,0.000011,57741896.0,58156100.0,4096.0,1238.0,3.0,3.0,0.0,0.0,0.0,0.0,9250372.0,4589512.0,1777276.0,0.0,0.0,0.0,0.0,0.0,0.0,0.041481,0.0,0.0,0.0,0.0,0.0,0.0,0.0,0.0,0.0
60.0,0.01664,0.001761,0.000055,57741896.0,58156100.0,4096.0,1238.0,3.0,3.0,0.0,0.0,0.0,0.0,9250372.0,4589512.0,1777276.0,0.0,0.0,0.0,0.0,0.0,0.0,0.052949,0.0,0.0,0.0,0.0,0.0,0.0,0.0,0.0,0.0
60.0,0.017135,0.001946,0.000012,57741896.0,58156100.0,4096.0,1238.0,3.0,3.0,0.0,0.0,0.0,0.0,9250372.0,4589512.0,1777276.0,0.0,0.0,0.0,0.0,0.0,0.0,0.056783,0.0,0.0,0.0,0.0,0.0,0.0,0.0,0.0,0.0
60.0,0.016379,0.002102,0.000012,57741896.0,58156100.0,4096.0,1238.0,3.0,3.0,0.0,0.0,0.0,0.0,9250372.0,4589512.0,1777276.0,0.0,0.0,0.0,0.0,0.0,0.0,0.04926,0.0,0.0,0.0,0.0,0.0,0.0,0.0,0.0,0.0
60.0,0.016684,0.001615,0.000042,57741896.0,58156100.0,4096.0,1238.0,3.0,3.0,0.0,0.0,0.0,0.0,9250372.0,4589512.0,1777276.0,0.0,0.0,0.0,0.0,0.0,0.0,0.044086,0.0,0.0,0.0,0.0,0.0,0.0,0.0,0.0,0.0
60.0,0.016814,0.001828,0.000023,57741896.0,58156100.0,4096.0,1238.0,3.0,3.0,0.0,0.0,0.0,0.0,9250372.0,4589512.0,1777276.0,0.0,0.0,0.0,0.0,0.0,0.0,0.044895,0.0,0.0,0.0,0.0,0.0,0.0,0.0,0.0,0.0
60.0,0.017866,0.001932,0.000051,57741896.0,58156100.0,4096.0,1238.0,3.0,3.0,0.0,0.0,0.0,0.0,9250372.0,4589512.0,1777276.0,0.0,0.0,0.0,0.0,0.0,0.0,0.044603,0.0,0.0,0.0,0.0,0.0,0.0,0.0,0.0,0.0
60.0,0.016833,0.001757,0.000044,57742472.0,58156100.0,4096.0,1239.0,3.0,3.0,0.0,0.0,0.0,0.0,9250372.0,4589512.0,1777276.0,0.0,0.0,0.0,0.0,0.0,0.0,0.043731,0.0,0.0,0.0,0.0,0.0,0.0,0.0,0.0,0.0
60.0,0.016171,0.001955,0.000027,57741896.0,58156100.0,4096.0,1238.0,3.0,3.0,0.0,0.0,0.0,0.0,9250372.0,4589512.0,1777276.0,0.0,0.0,0.0,0.0,0.0,0.0,0.045205,0.0,0.0,0.0,0.0,0.0,0.0,0.0,0.0,0.0
60.0,0.01665,0.004317,0.000033,57741896.0,58156100.0,4096.0,1238.0,3.0,3.0,0.0,0.0,0.0,0.0,9250372.0,4589512.0,1777276.0,0.0,0.0,0.0,0.0,0.0,0.0,0.04157,0.0,0.0,0.0,0.0,0.0,0.0,0.0,0.0,0.0
60.0,0.017119,0.001484,0.00001,57741896.0,58156100.0,4096.0,1238.0,3.0,3.0,0.0,0.0,0.0,0.0,9250372.0,4589512.0,1777276.0,0.0,0.0,0.0,0.0,0.0,0.0,0.041338,0.0,0.0,0.0,0.0,0.0,0.0,0.0,0.0,0.0
60.0,0.017137,0.002491,0.000015,57741896.0,58156100.0,4096.0,1238.0,3.0,3.0,0.0,0.0,0.0,0.0,9250372.0,4589512.0,1777276.0,0.0,0.0,0.0,0.0,0.0,0.0,0.043957,0.0,0.0,0.0,0.0,0.0,0.0,0.0,0.0,0.0
60.0,0.017351,0.00122,0.000005,57742472.0,58156100.0,4096.0,1239.0,3.0,3.0,0.0,0.0,0.0,0.0,9250372.0,4589512.0,1777276.0,0.0,0.0,0.0,0.0,0.0,0.0,0.05464,0.0,0.0,0.0,0.0,0.0,0.0,0.0,0.0,0.0
60.0,0.017084,0.000218,0.000017,57742472.0,58156100.0,4096.0,1239.0,3.0,3.0,0.0,0.0,0.0,0.0,9250372.0,4589512.0,1777276.0,0.0,0.0,0.0,0.0,0.0,0.0,0.049486,0.0,0.0,0.0,0.0,0.0,0.0,0.0,0.0,0.0
60.0,0.017018,0.000207,0.000004,57742472.0,58156100.0,4096.0,1239.0,3.0,3.0,0.0,0.0,0.0,0.0,9250372.0,4589512.0,1777276.0,0.0,0.0,0.0,0.0,0.0,0.0,0.039687,0.0,0.0,0.0,0.0,0.0,0.0,0.0,0.0,0.0
60.0,0.017451,0.000227,0.000006,57742472.0,58156100.0,4096.0,1239.0,3.0,3.0,0.0,0.0,0.0,0.0,9250372.0,4589512.0,1777276.0,0.0,0.0,0.0,0.0,0.0,0.0,0.040217,0.0,0.0,0.0,0.0,0.0,0.0,0.0,0.0,0.0
60.0,0.017375,0.000223,0.000008,57742472.0,58156100.0,4096.0,1239.0,3.0,3.0,0.0,0.0,0.0,0.0,9250372.0,4589512.0,1777276.0,0.0,0.0,0.0,0.0,0.0,0.0,0.050273,0.0,0.0,0.0,0.0,0.0,0.0,0.0,0.0,0.0
60.0,0.01775,0.000587,0.000025,57742472.0,58156100.0,4096.0,1239.0,3.0,3.0,0.0,0.0,0.0,0.0,9250372.0,4589512.0,1777276.0,0.0,0.0,0.0,0.0,0.0,0.0,0.051891,0.0,0.0,0.0,0.0,0.0,0.0,0.0,0.0,0.0
60.0,0.01726,0.000284,0.00002,57742472.0,58156100.0,4096.0,1239.0,3.0,3.0,0.0,0.0,0.0,0.0,9250372.0,4589512.0,1777276.0,0.0,0.0,0.0,0.0,0.0,0.0,0.053093,0.0,0.0,0.0,0.0,0.0,0.0,0.0,0.0,0.0
60.0,0.017077,0.000222,0.000007,57742472.0,58156100.0,4096.0,1239.0,3.0,3.0,0.0,0.0,0.0,0.0,9250372.0,4589512.0,1777276.0,0.0,0.0,0.0,0.0,0.0,0.0,0.052935,0.0,0.0,0.0,0.0,0.0,0.0,0.0,0.0,0.0
60.0,0.017777,0.000302,0.000018,57742472.0,58156100.0,4096.0,1239.0,3.0,3.0,0.0,0.0,0.0,0.0,9250372.0,4589512.0,1777276.0,0.0,0.0,0.0,0.0,0.0,0.0,0.042283,0.0,0.0,0.0,0.0,0.0,0.0,0.0,0.0,0.0
60.0,0.017008,0.000218,0.000069,57742472.0,58156100.0,4096.0,1239.0,3.0,3.0,0.0,0.0,0.0,0.0,9250372.0,4589512.0,1777276.0,0.0,0.0,0.0,0.0,0.0,0.0,0.049542,0.0,0.0,0.0,0.0,0.0,0.0,0.0,0.0,0.0
60.0,0.016953,0.000157,0.000013,57742472.0,58156100.0,4096.0,1239.0,3.0,3.0,0.0,0.0,0.0,0.0,9250372.0,4589512.0,1777276.0,0.0,0.0,0.0,0.0,0.0,0.0,0.043842,0.0,0.0,0.0,0.0,0.0,0.0,0.0,0.0,0.0
60.0,0.016868,0.001823,0.000046,57742472.0,58156100.0,4096.0,1239.0,3.0,3.0,0.0,0.0,0.0,0.0,9250372.0,4589512.0,1777276.0,0.0,0.0,0.0,0.0,0.0,0.0,0.045225,0.0,0.0,0.0,0.0,0.0,0.0,0.0,0.0,0.0
60.0,0.017755,0.00177,0.000025,57741896.0,58156100.0,4096.0,1238.0,3.0,3.0,0.0,0.0,0.0,0.0,9250372.0,4589512.0,1777276.0,0.0,0.0,0.0,0.0,0.0,0.0,0.046286,0.0,0.0,0.0,0.0,0.0,0.0,0.0,0.0,0.0
60.0,0.017675,0.000248,0.000009,57741896.0,58156100.0,4096.0,1238.0,3.0,3.0,0.0,0.0,0.0,0.0,9250372.0,4589512.0,1777276.0,0.0,0.0,0.0,0.0,0.0,0.0,0.056399,0.0,0.0,0.0,0.0,0.0,0.0,0.0,0.0,0.0
60.0,0.017271,0.000354,0.000008,57741896.0,58156100.0,4096.0,1238.0,3.0,3.0,0.0,0.0,0.0,0.0,9250372.0,4589512.0,1777276.0,0.0,0.0,0.0,0.0,0.0,0.0,0.045682,0.0,0.0,0.0,0.0,0.0,0.0,0.0,0.0,0.0
60.0,0.017538,0.000265,0.000004,57741896.0,58156100.0,4096.0,1238.0,3.0,3.0,0.0,0.0,0.0,0.0,9250372.0,4589512.0,1777276.0,0.0,0.0,0.0,0.0,0.0,0.0,0.041518,0.0,0.0,0.0,0.0,0.0,0.0,0.0,0.0,0.0
60.0,0.017141,0.000455,0.000021,57741896.0,58156100.0,4096.0,1238.0,3.0,3.0,0.0,0.0,0.0,0.0,9250372.0,4589512.0,1777276.0,0.0,0.0,0.0,0.0,0.0,0.0,0.040374,0.0,0.0,0.0,0.0,0.0,0.0,0.0,0.0,0.0
60.0,0.017392,0.000642,0.000037,57741896.0,58156100.0,4096.0,1238.0,3.0,3.0,0.0,0.0,0.0,0.0,9250372.0,4589512.0,1777276.0,0.0,0.0,0.0,0.0,0.0,0.0,0.041811,0.0,0.0,0.0,0.0,0.0,0.0,0.0,0.0,0.0
60.0,0.017528,0.000343,0.000013,57741896.0,58156100.0,4096.0,1238.0,3.0,3.0,0.0,0.0,0.0,0.0,9250372.0,4589512.0,1777276.0,0.0,0.0,0.0,0.0,0.0,0.0,0.055394,0.0,0.0,0.0,0.0,0.0,0.0,0.0,0.0,0.0
60.0,0.016933,0.000142,0.000004,57741896.0,58156100.0,4096.0,1238.0,3.0,3.0,0.0,0.0,0.0,0.0,9250372.0,4589512.0,1777276.0,0.0,0.0,0.0,0.0,0.0,0.0,0.054736,0.0,0.0,0.0,0.0,0.0,0.0,0.0,0.0,0.0
60.0,0.017137,0.000154,0.000021,57741896.0,58156100.0,4096.0,1238.0,3.0,3.0,0.0,0.0,0.0,0.0,9250372.0,4589512.0,1777276.0,0.0,0.0,0.0,0.0,0.0,0.0,0.038713,0.0,0.0,0.0,0.0,0.0,0.0,0.0,0.0,0.0
60.0,0.017435,0.000142,0.000005,57741896.0,58156100.0,4096.0,1238.0,3.0,3.0,0.0,0.0,0.0,0.0,9250372.0,4589512.0,1777276.0,0.0,0.0,0.0,0.0,0.0,0.0,0.03951,0.0,0.0,0.0,0.0,0.0,0.0,0.0,0.0,0.0
60.0,0.017715,0.000222,0.000006,57741896.0,58156100.0,4096.0,1238.0,3.0,3.0,0.0,0.0,0.0,0.0,9250372.0,4589512.0,1777276.0,0.0,0.0,0.0,0.0,0.0,0.0,0.049597,0.0,0.0,0.0,0.0,0.0,0.0,0.0,0.0,0.0
60.0,0.016911,0.000295,0.000033,57741896.0,58156100.0,4096.0,1238.0,3.0,3.0,0.0,0.0,0.0,0.0,9250372.0,4589512.0,1777276.0,0.0,0.0,0.0,0.0,0.0,0.0,0.050565,0.0,0.0,0.0,0.0,0.0,0.0,0.0,0.0,0.0
60.0,0.017114,0.000229,0.000004,57741896.0,58156100.0,4096.0,1238.0,3.0,3.0,0.0,0.0,0.0,0.0,9250372.0,4589512.0,1777276.0,0.0,0.0,0.0,0.0,0.0,0.0,0.052519,0.0,0.0,0.0,0.0,0.0,0.0,0.0,0.0,0.0
60.0,0.017212,0.000183,0.000106,57741896.0,58156100.0,4096.0,1238.0,3.0,3.0,0.0,0.0,0.0,0.0,9250372.0,4589512.0,1777276.0,0.0,0.0,0.0,0.0,0.0,0.0,0.051394,0.0,0.0,0.0,0.0,0.0,0.0,0.0,0.0,0.0


